0,0,1,0-1-1-1,D7EDF8
100 100
0 10;100 88

1,0,1,0-1-1-2,FFFFFF
100 100
2 14;98 67

0,0,1,0-1-2-1,FFFFFF
100 100
0 0;100 53
0 53;100 100

0,0,1,0-1-2-2,FAE3B0
100 100
0 9;87 50
19 50;100 99

0,0,1,0-1-3-1,F8FAFD
100 100
3 6;66 40
4 60;71 94
38 30;97 60

1,0,1,0-1-3-2,FFFFFF
100 100
4 5;96 50
4 52;51 72
50 74;96 95

0,0,1,0-1-4-1,FFFFFF
100 100
5 4;96 42
5 42;53 91
53 42;96 64
53 64;96 94

0,0,1,0-1-4-2,F9E997
100 100
51 28;97 51
53 69;93 89
4 8;55 33
4 46;59 72

0,0,1,0-1-4-3,FFFFFF
100 100
48 9;100 43
0 0;47 26
0 33;55 68
35 69;100 100

0,0,1,0-1-5-1,FFFFFF
100 100
7 17;40 37
9 43;42 60
7 67;49 90
50 9;83 37
52 43;92 62

0,0,1,0-1-5-2,F9FBFD
100 100
0 5;55 41
0 55;52 95
53 8;100 43
60 43;100 71
46 73;100 98

0,0,1,0-1-5-3,FFFFFF
100 100
46 0;99 21
3 22;100 73
0 76;31 97
30 75;69 96
67 73;100 94

1,0,1,0-1-5-4,FFFFFF
100 100
2 1;98 26
2 24;42 50
2 52;46 71
2 70;50 97
43 26;97 76

0,0,2,0-2-2-1,FFFFFF
100 100
10 5;90 38;1
10 40;90 92

0,0,2,0-2-2-2,FFFFFF
100 100
15 0;100 32
2 33;98 71

0,0,2,0-2-3-1,FFFFFF
100 100
46 2;97 38;1
3 28;43 63
3 63;99 99

0,0,2,0-2-3-2,FFFFFF
100 100
3 28;97 58
3 58;52 88
52 59;97 88

0,1,1,1-1-1-1,FFFFFF
100 100
0 24;100 100

0,1,1,1-1-2-1,FFFFFF
100 100
24 9;90 43
9 42;90 87

0,1,1,1-1-3-1,FFFFFF
100 100
8 0;56 25
12 24;70 60
0 58;81 100

1,1,1,1-1-4-1,FFFFFF
100 100
50 36;91 66
1 38;50 66
50 66;98 94
9 66;50 97

0,1,1,1-1-4-2,FFFFFF
100 100
23 3;82 51
49 54;89 82
13 53;44 83
13 84;56 98

1,1,2,1-2-2-1,FFFFFF
100 100
1 5;78 47;1
0 58;81 100

0,1,2,1-2-3-1,FFFFFF
100 100
45 6;97 50;1
54 56;94 95
6 55;46 95

0,1,2,1-2-4-1,FFFFFF
100 100
0 3;34 52;1
10 61;100 100
39 0;100 47
53 47;100 73

